476788429
491125530
491365072
491333110
494183968
492177183
494192191
489915397
481472103
481921932
478290114
489918440
492183302
477521546
477521548
467962306
474628209
481370553
490518785
492983635
492637438
492475388
489980697
493190431
489981176
494467443
494467443
479870112
476788429
491365072
491125530
494183968
492183302
493147105
493147867
492177183
492624696
494192191
390378977
489915397
411726688
481472103
491333110
481921932
478290114
489918440
477521546
477521548
481370553
467962306
474628209
490518785
492637438
492983635
492475388
493190431
489980697
494467443
494467443
489981176
479870112
